1 30
1 54
1 62
1 122
2 30
2 33
2 45
2 48
2 54
2 62
2 64
2 66
2 81
2 112
2 121
3 54
3 61
3 62
3 71
4 15
5 15
6 36
6 48
6 53
6 54
6 62
6 66
6 72
6 96
6 97
6 112
6 121
6 127
7 15
8 118
9 10
9 36
9 62
9 86
9 104
9 113
9 116
10 9
11 62
11 105
11 124
12 86
13 46
13 62
13 86
13 105
14 15
14 21
14 36
14 42
14 54
14 62
14 86
14 94
14 103
14 104
14 105
14 115
14 129
14 132
15 4
15 5
15 14
15 21
15 22
15 35
15 42
15 62
15 72
15 75
15 86
15 99
15 105
15 108
15 114
15 118
15 129
16 62
18 129
19 62
19 82
21 14
21 15
21 114
21 118
22 15
23 62
24 132
26 36
26 62
26 112
27 30
27 36
27 53
27 57
27 62
27 112
28 62
29 62
30 1
30 2
30 27
30 33
30 36
30 45
30 48
30 54
30 57
30 62
30 65
30 66
30 72
30 96
30 97
30 102
30 107
30 112
30 121
30 122
30 127
31 129
32 45
32 62
33 2
33 30
33 62
33 65
33 102
34 36
34 62
35 15
35 100
36 6
36 9
36 14
36 26
36 27
36 30
36 34
36 37
36 42
36 48
36 54
36 55
36 57
36 62
36 63
36 66
36 72
36 80
36 86
36 94
36 102
36 105
36 112
36 116
36 117
36 120
36 126
36 129
36 132
37 36
38 117
39 45
39 54
39 62
40 62
42 14
42 15
42 36
42 62
42 72
42 86
42 129
43 62
44 129
45 2
45 30
45 32
45 39
45 48
45 53
45 54
45 56
45 62
45 69
45 81
45 112
45 121
46 13
46 86
47 129
48 2
48 6
48 30
48 36
48 45
48 53
48 54
48 62
48 65
48 81
48 96
48 127
49 83
50 62
51 54
51 62
51 102
52 62
53 6
53 27
53 45
53 48
53 54
53 62
53 65
53 69
54 1
54 2
54 3
54 6
54 14
54 30
54 36
54 39
54 45
54 48
54 51
54 53
54 61
54 62
54 65
54 72
54 81
54 86
54 93
54 96
54 101
54 112
54 117
54 121
54 127
54 129
55 36
55 62
55 73
55 87
55 103
55 104
55 106
55 115
56 45
56 62
57 27
57 30
57 36
57 62
57 98
57 102
57 129
60 62
61 3
61 54
61 62
62 1
62 2
62 3
62 6
62 9
62 11
62 13
62 14
62 15
62 16
62 19
62 26
62 27
62 28
62 29
62 30
62 33
62 34
62 36
62 39
62 40
62 42
62 43
62 45
62 48
62 50
62 51
62 52
62 53
62 54
62 55
62 56
62 57
62 60
62 61
62 64
62 65
62 66
62 67
62 68
62 69
62 70
62 72
62 78
62 80
62 81
62 86
62 93
62 94
62 96
62 97
62 101
62 102
62 104
62 105
62 107
62 112
62 117
62 119
62 120
62 121
62 123
62 124
62 125
62 126
62 127
62 129
62 132
63 36
64 2
64 62
64 65
65 2
65 30
65 33
65 48
65 53
65 54
65 62
65 64
65 69
65 81
65 97
65 121
66 6
66 30
66 36
66 45
66 62
66 86
66 117
66 129
67 62
68 62
69 45
69 53
69 62
69 65
70 62
71 3
72 6
72 15
72 30
72 36
72 42
72 54
72 62
72 102
72 124
73 55
73 104
74 132
75 7
75 15
77 86
78 62
80 36
80 62
81 2
81 45
81 48
81 54
81 62
81 65
82 19
83 49
85 129
86 9
86 12
86 13
86 14
86 15
86 36
86 42
86 46
86 54
86 62
86 66
86 77
86 94
86 105
86 129
86 132
87 55
87 105
87 115
88 131
88 132
93 6
93 54
93 62
94 14
94 36
94 62
94 86
94 117
94 126
94 129
96 6
96 30
96 48
96 54
96 62
96 121
97 6
97 30
97 62
97 65
98 112
98 129
99 15
100 15
101 54
101 62
102 30
102 33
102 36
102 51
102 57
102 62
102 72
103 14
103 55
103 132
104 9
104 14
104 55
104 62
104 73
104 132
105 13
105 14
105 15
105 36
105 62
105 86
105 87
105 115
105 124
105 129
106 24
106 55
106 132
107 30
107 62
108 15
108 75
108 118
109 129
112 2
112 6
112 26
112 27
112 30
112 36
112 45
112 54
112 57
112 62
113 9
114 7
114 15
114 108
115 14
115 55
115 87
115 105
116 9
116 36
117 36
117 38
117 54
117 62
117 66
117 94
117 126
117 129
118 8
118 15
118 21
118 108
119 62
120 36
120 62
121 6
121 30
121 45
121 54
121 62
121 65
121 96
122 1
122 30
123 62
124 11
124 62
124 72
124 105
125 62
126 36
126 62
126 94
126 117
126 129
127 6
127 30
127 48
127 54
127 62
129 14
129 15
129 18
129 31
129 36
129 42
129 44
129 47
129 54
129 57
129 62
129 66
129 85
129 86
129 94
129 98
129 105
129 109
129 117
129 126
129 130
129 132
130 129
131 88
131 132
132 14
132 24
132 36
132 55
132 62
132 74
132 86
132 88
132 103
132 104
132 106
132 129
132 131
